15985.jpg 1 0 0 20 20
15986.jpg 1 0 0 20 20
15987.jpg 1 0 0 20 20
15988.jpg 1 0 0 20 20
15989.jpg 1 0 0 20 20
15990.jpg 1 0 0 20 20
15991.jpg 1 0 0 20 20
15992.jpg 1 0 0 20 20
15993.jpg 1 0 0 20 20
15994.jpg 1 0 0 20 20
15995.jpg 1 0 0 20 20
15996.jpg 1 0 0 20 20
15997.jpg 1 0 0 20 20
15998.jpg 1 0 0 20 20
15999.jpg 1 0 0 20 20
16000.jpg 1 0 0 20 20
16001.jpg 1 0 0 20 20
16002.jpg 1 0 0 20 20
16003.jpg 1 0 0 20 20
16004.jpg 1 0 0 20 20
16005.jpg 1 0 0 20 20
16006.jpg 1 0 0 20 20
16007.jpg 1 0 0 20 20
pos.dat
